Choose the mode:
0 - Validation mode.
1 - Test mode.
0 - Generate training file.
1 - Extract features.
2 - Classify.
3 - Test All
+++++++++++++++++++++++++++++++++++++++++++++++++++++++++++++++
features/lbp_default_train.txt


MLP
===================================================================
Confusion Matrix: 
[[105   0   0   0   0   0   0   0   0   0]
 [  0 114   0   0   0   0   0   0   0   0]
 [  0   0 107   0   0   0   0   0   0   0]
 [  0   0   0 113   0   0   2   0   0   0]
 [  0   0   2   0 119   0   0   0   0   0]
 [  0   0   0   0   0 108   0   0   0   0]
 [  0   0   7   0   0   0 117   0   0   0]
 [  0   0   0   0   0   3   0 102   0   0]
 [  0   0   0   0   0   0   0   0 119   0]
 [  0   0   0   0   0   0   0   0   0 102]]
Accuracy:  0.9875
===================================================================


KNN
===================================================================
k =  1
Confusion Matrix: 
[[105   0   0   0   0   0   0   0   0   0]
 [  0 114   0   0   0   0   0   0   0   0]
 [  0   0 107   0   0   0   0   0   0   0]
 [  0   0   0 114   0   0   1   0   0   0]
 [  0   0   3   0 118   0   0   0   0   0]
 [  0   0   0   0   0 108   0   0   0   0]
 [  0   0   3   0   0   0 121   0   0   0]
 [  0   0   0   0   0   0   0 105   0   0]
 [  0   0   0   0   0   0   0   0 119   0]
 [  0   0   0   0   0   0   0   0   0 102]]
Accuracy:  0.99375
k =  3
Confusion Matrix: 
[[104   0   1   0   0   0   0   0   0   0]
 [  0 114   0   0   0   0   0   0   0   0]
 [  0   0 107   0   0   0   0   0   0   0]
 [  0   0   0 112   0   0   2   1   0   0]
 [  0   0   2   0 119   0   0   0   0   0]
 [  0   0   0   0   0 108   0   0   0   0]
 [  0   0   8   0   0   0 116   0   0   0]
 [  0   0   0   0   0   0   0 105   0   0]
 [  0   0   0   0   0   0   0   0 119   0]
 [  0   0   0   0   0   0   0   0   0 102]]
Accuracy:  0.9875
k =  5
Confusion Matrix: 
[[104   0   1   0   0   0   0   0   0   0]
 [  0 114   0   0   0   0   0   0   0   0]
 [  1   0 106   0   0   0   0   0   0   0]
 [  0   0   0 113   0   0   2   0   0   0]
 [  0   0   4   0 117   0   0   0   0   0]
 [  0   0   0   1   0 107   0   0   0   0]
 [  0   1   4   0   0   0 119   0   0   0]
 [  0   0   0   0   0   0   0 105   0   0]
 [  0   0   0   0   0   0   0   0 119   0]
 [  0   0   0   0   0   0   0   0   0 102]]
Accuracy:  0.9875
===================================================================


SVM
===================================================================
Confusion Matrix: 
[[105   0   0   0   0   0   0   0   0   0]
 [  0 114   0   0   0   0   0   0   0   0]
 [  0   0 107   0   0   0   0   0   0   0]
 [  0   0   0 115   0   0   0   0   0   0]
 [  0   0   1   0 120   0   0   0   0   0]
 [  0   0   0   0   0 108   0   0   0   0]
 [  0   1   3   0   0   0 120   0   0   0]
 [  0   0   0   0   0   0   0 105   0   0]
 [  0   0   0   0   0   0   0   0 119   0]
 [  1   0   0   0   0   0   0   0   0 101]]
Accuracy:  0.994642857143
===================================================================
+++++++++++++++++++++++++++++++++++++++++++++++++++++++++++++++
+++++++++++++++++++++++++++++++++++++++++++++++++++++++++++++++
features/lbp_ror_train.txt


MLP
===================================================================
Confusion Matrix: 
[[106   0   1   0   1   0   0   1   1   0]
 [  0  96   0   2   0   0   5   9   0   0]
 [  6   0 101   0   4   0   3   0   1   1]
 [  0   8   0  99   1   0   1   0   1   0]
 [  0   6   3   1  97   0   2   0   1   0]
 [  0   0   0   1   0  98   0   6   0   0]
 [  0   4   8   8   0   0 103   0   4   2]
 [  0   2   0   2   0   3   0 103   0   0]
 [  1   0   0   2   0   0   1   0 105   0]
 [  0   3   2   0   2   0   0   1   0 101]]
Accuracy:  0.900892857143
===================================================================


KNN
===================================================================
k =  1
Confusion Matrix: 
[[105   0   1   0   2   0   0   1   0   1]
 [  0 106   0   4   0   0   1   1   0   0]
 [  3   0 107   0   0   0   3   0   3   0]
 [  0   3   0 104   0   0   1   2   0   0]
 [  2   3  13   0  90   0   0   1   1   0]
 [  0   0   0   0   0 103   0   2   0   0]
 [  0   9   5   0   0   2 111   1   1   0]
 [  0   0   0   1   0   1   0 108   0   0]
 [  0   0   0   0   0   0   0   0 109   0]
 [  3   0   1   0   1   0   1   0   0 103]]
Accuracy:  0.933928571429
k =  3
Confusion Matrix: 
[[108   0   1   1   0   0   0   0   0   0]
 [  0 103   0   5   0   0   3   1   0   0]
 [  2   0 110   0   0   0   4   0   0   0]
 [  0   6   0 100   0   0   1   3   0   0]
 [  1   5  15   0  88   0   1   0   0   0]
 [  0   0   0   0   0 102   0   3   0   0]
 [  0  13   3   2   0   1 106   1   3   0]
 [  0   1   0   2   0   1   0 106   0   0]
 [  1   0   3   2   0   0   1   0 102   0]
 [  4   1   3   0   0   0   2   0   0  99]]
Accuracy:  0.914285714286
k =  5
Confusion Matrix: 
[[108   0   0   1   1   0   0   0   0   0]
 [  0 102   0   4   0   0   4   2   0   0]
 [  3   0 110   0   0   0   3   0   0   0]
 [  0  10   0  96   0   0   1   3   0   0]
 [  1   6  17   1  83   0   1   0   1   0]
 [  0   0   0   0   0 104   0   1   0   0]
 [  0  14   5   1   0   1 102   1   5   0]
 [  0   2   0   1   0   0   1 106   0   0]
 [  1   0   3   3   0   0   0   0 102   0]
 [  4   1   1   0   1   0   5   0   0  97]]
Accuracy:  0.901785714286
===================================================================


SVM
===================================================================
Confusion Matrix: 
[[109   0   0   0   0   0   0   0   0   1]
 [  0  98   0   3   0   0   5   6   0   0]
 [  1   0 111   0   2   0   2   0   0   0]
 [  0   3   0 106   0   0   0   1   0   0]
 [  0   4   4   0 102   0   0   0   0   0]
 [  0   0   0   0   0  99   0   6   0   0]
 [  0   3   5   1   0   0 115   0   4   1]
 [  0   2   0   2   0   2   0 104   0   0]
 [  0   0   0   3   1   0   0   0 105   0]
 [  1   2   0   0   3   0   0   0   0 103]]
Accuracy:  0.939285714286
===================================================================
+++++++++++++++++++++++++++++++++++++++++++++++++++++++++++++++
+++++++++++++++++++++++++++++++++++++++++++++++++++++++++++++++
features/lbp_uniform_train.txt


MLP
===================================================================
Confusion Matrix: 
[[100   0   0   0   0   0   0   0   0   0]
 [  0  87   0   4   0   0  11   0   0   0]
 [  0   0  69   0  21   0   1   0   2   5]
 [  0  21   0  78   0   0   4  15   0   0]
 [  0   7   7   1  90   0   0   1   0   9]
 [  0   0   0  19   0  91   0   6   0   0]
 [  0  10   3   0   0   0  99   0   3   1]
 [  0  13   0  13   0   7   2  83   0   0]
 [  0   0   0   1   0   0   6   0 106   0]
 [  0   0   8   0   4   0   1   0   0 111]]
Accuracy:  0.816071428571
===================================================================


KNN
===================================================================
k =  1
Confusion Matrix: 
[[ 97   0   1   0   2   0   0   0   0   0]
 [  0  83   0   4   1   0  12   2   0   0]
 [  2   0  80   0   5   0   1   0   3   7]
 [  0  11   0  94   0   0   2  11   0   0]
 [  4   6   8   0  96   0   0   0   0   1]
 [  0   0   0   4   0 110   0   2   0   0]
 [  0  14   7   3   0   0  85   0   6   1]
 [  0   1   0   6   0   4   1 106   0   0]
 [  0   1   4   0   0   0   4   0 104   0]
 [  6   0  10   0   1   0   1   0   0 106]]
Accuracy:  0.858035714286
k =  3
Confusion Matrix: 
[[ 97   0   1   1   1   0   0   0   0   0]
 [  0  92   0   1   0   0   9   0   0   0]
 [  3   2  84   0   3   0   1   0   1   4]
 [  0  18   0  88   0   0   1  11   0   0]
 [  3   6  14   0  91   0   0   0   0   1]
 [  0   1   0   8   0 106   0   1   0   0]
 [  0  19   6   1   0   0  83   1   6   0]
 [  0   6   0  10   0   5   1  96   0   0]
 [  0   1   5   0   0   0   6   0 101   0]
 [  9   3  11   0   1   0   2   0   0  98]]
Accuracy:  0.835714285714
k =  5
Confusion Matrix: 
[[ 98   0   1   0   1   0   0   0   0   0]
 [  0  90   0   3   0   0   8   1   0   0]
 [  4   2  81   0   7   0   1   0   1   2]
 [  0  16   0  88   0   0   2  12   0   0]
 [  5   7  14   0  88   0   0   0   0   1]
 [  0   1   0   8   0 106   0   1   0   0]
 [  0  20   6   1   0   0  80   1   8   0]
 [  0   4   0  11   0   6   2  95   0   0]
 [  0   0   5   0   1   0   6   0 101   0]
 [  8   2  10   0   2   0   3   0   0  99]]
Accuracy:  0.826785714286
===================================================================


SVM
===================================================================
Confusion Matrix: 
[[100   0   0   0   0   0   0   0   0   0]
 [  0  89   0   0   0   0  12   1   0   0]
 [  0   2  62   0  28   0   0   0   2   4]
 [  0  26   0  83   0   0   5   4   0   0]
 [  0   7   9   0  96   0   0   0   0   3]
 [  0   0   0   7   0  90   0  19   0   0]
 [  0  15   5   1   0   0  89   0   5   1]
 [  0  17   0   6   1   7   0  87   0   0]
 [  0   0   0   0   0   0   4   0 109   0]
 [  0   0   9   0   3   0   2   0   0 110]]
Accuracy:  0.816964285714
===================================================================
+++++++++++++++++++++++++++++++++++++++++++++++++++++++++++++++
+++++++++++++++++++++++++++++++++++++++++++++++++++++++++++++++
features/lbp_nri_uniform_train.txt


MLP
===================================================================
Confusion Matrix: 
[[ 99   0   0   0   0   0   0   0   0   0]
 [  0 118   0   0   0   0   0   0   0   0]
 [  0   0 113   0   2   0   0   0   0   1]
 [  0   0   0 105   0   1   0   2   0   0]
 [  0   0   2   0 112   0   0   0   0   0]
 [  0   0   0   1   0 108   0   0   0   0]
 [  0   0   0   1   1   0 116   0   0   0]
 [  0   0   0   0   0   1   0 113   0   0]
 [  0   0   0   0   0   0   0   0 108   0]
 [  0   0   0   0   1   0   0   0   0 115]]
Accuracy:  0.988392857143
===================================================================


KNN
===================================================================
k =  1
Confusion Matrix: 
[[ 99   0   0   0   0   0   0   0   0   0]
 [  0 118   0   0   0   0   0   0   0   0]
 [  1   0 112   0   0   0   3   0   0   0]
 [  0   0   0 107   0   0   1   0   0   0]
 [  2   0   1   0 111   0   0   0   0   0]
 [  0   0   0   0   0 109   0   0   0   0]
 [  0   1   4   0   0   0 113   0   0   0]
 [  0   0   0   0   0   0   0 114   0   0]
 [  0   0   0   0   0   0   0   0 108   0]
 [  0   0   0   1   0   0   0   0   0 115]]
Accuracy:  0.9875
k =  3
Confusion Matrix: 
[[ 99   0   0   0   0   0   0   0   0   0]
 [  0 118   0   0   0   0   0   0   0   0]
 [  1   0 112   0   0   0   2   0   0   1]
 [  0   0   0 106   0   0   2   0   0   0]
 [  1   0   3   0 110   0   0   0   0   0]
 [  0   0   0   0   0 109   0   0   0   0]
 [  0   0   4   1   0   0 113   0   0   0]
 [  0   1   0   1   0   0   0 112   0   0]
 [  0   0   0   0   0   0   0   0 108   0]
 [  0   0   0   3   0   0   0   0   0 113]]
Accuracy:  0.982142857143
k =  5
Confusion Matrix: 
[[ 99   0   0   0   0   0   0   0   0   0]
 [  0 118   0   0   0   0   0   0   0   0]
 [  1   0 114   0   0   0   1   0   0   0]
 [  0   0   0 107   0   0   1   0   0   0]
 [  2   0   4   1 107   0   0   0   0   0]
 [  0   0   0   0   0 109   0   0   0   0]
 [  0   1   3   1   0   0 113   0   0   0]
 [  0   0   0   4   0   0   0 110   0   0]
 [  0   0   0   0   0   0   0   0 108   0]
 [  0   0   0   3   0   0   0   0   0 113]]
Accuracy:  0.980357142857
===================================================================


SVM
===================================================================
Confusion Matrix: 
[[ 99   0   0   0   0   0   0   0   0   0]
 [  0 118   0   0   0   0   0   0   0   0]
 [  0   0 114   0   0   0   1   0   0   1]
 [  0   0   0 106   0   2   0   0   0   0]
 [  0   0   0   0 114   0   0   0   0   0]
 [  0   0   0   0   0 109   0   0   0   0]
 [  0   0   0   0   0   0 118   0   0   0]
 [  0   0   0   0   0   1   0 113   0   0]
 [  0   0   0   0   0   0   0   0 108   0]
 [  0   1   0   0   0   0   0   0   0 115]]
Accuracy:  0.994642857143
===================================================================
+++++++++++++++++++++++++++++++++++++++++++++++++++++++++++++++
+++++++++++++++++++++++++++++++++++++++++++++++++++++++++++++++
features/haralick_train.txt


MLP
===================================================================
Confusion Matrix: 
[[103   0   1   0   0   0   0   0  11   0]
 [  0 102   0   2   0   0   0   0   0   0]
 [  1   1 109   1   1   0   0   0   1   0]
 [  7   4   1  94   2   0   0   4   1   0]
 [  0   2   3   0  92   0  11   0   2   3]
 [  0   0   0   0   0 112   0   4   5   0]
 [  2   0   1   0   7   0  96   0   0   1]
 [  0   0   0   1   0   3   0 107   0   0]
 [  6   0   0   1   2   4   0   1  96   0]
 [  0   0   0   0   5   0   3   1   0 103]]
Accuracy:  0.905357142857
===================================================================


KNN
===================================================================
k =  1
Confusion Matrix: 
[[105   0   0   4   0   1   1   0   4   0]
 [  0 104   0   0   0   0   0   0   0   0]
 [  0   2 112   0   0   0   0   0   0   0]
 [  3   4   0 101   0   0   0   3   1   1]
 [  1   3   8   1  86   0  12   1   0   1]
 [  0   1   0   1   0 114   0   5   0   0]
 [  6   0   1   2   5   0  93   0   0   0]
 [  0   0   0   2   0   2   0 107   0   0]
 [  9   0   0   0   0   1   0   1  98   1]
 [  0   0   0   0   0   0   3   0   1 108]]
Accuracy:  0.917857142857
k =  3
Confusion Matrix: 
[[108   0   0   2   0   0   0   0   5   0]
 [  0 103   0   0   1   0   0   0   0   0]
 [  0   1 112   0   1   0   0   0   0   0]
 [  6   5   0  96   0   1   0   3   1   1]
 [  5   7   9   0  73   0  13   1   0   5]
 [  0   1   0   1   0 116   0   3   0   0]
 [  4   0   3   1   3   0  95   0   1   0]
 [  0   3   0   3   0   3   0 102   0   0]
 [  9   0   0   0   1   2   0   0  98   0]
 [  3   0   0   0   2   0   4   0   1 102]]
Accuracy:  0.897321428571
k =  5
Confusion Matrix: 
[[103   0   0   7   0   0   1   0   4   0]
 [  0 103   0   0   1   0   0   0   0   0]
 [  0   1 113   0   0   0   0   0   0   0]
 [  9   6   0  95   0   1   0   2   0   0]
 [  7   5   9   1  70   0  13   1   0   7]
 [  0   0   0   2   0 113   0   6   0   0]
 [  8   0   6   0   3   0  88   0   2   0]
 [  1   1   0   3   0   5   0 101   0   0]
 [ 13   1   1   1   0   1   1   1  91   0]
 [  1   0   0   0   4   0   5   0   4  98]]
Accuracy:  0.870535714286
===================================================================


SVM
===================================================================
Confusion Matrix: 
[[112   0   0   0   0   0   0   0   3   0]
 [  0 104   0   0   0   0   0   0   0   0]
 [  0   1 112   0   1   0   0   0   0   0]
 [  2   4   0 104   2   0   0   1   0   0]
 [  0   4   2   0 105   0   2   0   0   0]
 [  0   0   0   0   0 112   0   6   3   0]
 [  0   0   0   0   1   0 106   0   0   0]
 [  0   1   0   0   0   3   0 107   0   0]
 [  8   0   0   1   0   3   0   0  98   0]
 [  0   0   0   0   0   0   4   0   0 108]]
Accuracy:  0.953571428571
===================================================================
+++++++++++++++++++++++++++++++++++++++++++++++++++++++++++++++
+++++++++++++++++++++++++++++++++++++++++++++++++++++++++++++++
features/glcm_1_train.txt


MLP
===================================================================
Confusion Matrix: 
[[86  0  0  6  0  3  0  5  9  1]
 [ 2 86  1  8  4  0  7  0  0  0]
 [ 8  0 87  0  7  0  5  0  6  0]
 [ 2 12  0 85  1  1  2 11  0  2]
 [ 1 16  5  1 69  1 10  0  9  5]
 [ 3  0  0  1  0 95  0  2  7  0]
 [ 7 18 14 15  1  0 55  0  2  5]
 [ 7  3  0 13  1  5  9 67  4  0]
 [12  0  3  3  2  2  1  4 83  5]
 [ 0  0  1  0 21  0  0  0  1 84]]
Accuracy:  0.711607142857
===================================================================


KNN
===================================================================
k =  1
Confusion Matrix: 
[[ 86   2   0   6   0   3   0   3   9   1]
 [  2  96   1   3   1   0   4   1   0   0]
 [  3   0 100   0   2   1   2   1   3   1]
 [  0   6   0  98   2   2   2   5   0   1]
 [  0  13   8   1  79   1   9   0   1   5]
 [  1   0   0   1   0 100   0   4   2   0]
 [  4  12   7   9   3   0  77   3   2   0]
 [  0   2   0   8   0   7   0  92   0   0]
 [  7   1   1   1   4   1   1   0  96   3]
 [  0   0   0   1   5   0   1   0   1  99]]
Accuracy:  0.824107142857
k =  3
Confusion Matrix: 
[[ 90   4   2   3   0   3   1   2   4   1]
 [  5  99   0   2   1   0   1   0   0   0]
 [  1   0 102   0   3   1   4   2   0   0]
 [  2   9   0  96   0   3   1   4   0   1]
 [  4  19  11   1  67   1   9   1   1   3]
 [  3   0   0   1   0  98   0   6   0   0]
 [  8  19  13   9   3   0  62   3   0   0]
 [  1   3   0   9   0   6   0  90   0   0]
 [ 14   2   3   2   1   2   1   0  88   2]
 [  3   0   0   2   7   0   1   1   1  92]]
Accuracy:  0.789285714286
k =  5
Confusion Matrix: 
[[ 87   3   2   7   0   3   1   2   4   1]
 [  5  97   0   2   3   0   1   0   0   0]
 [  3   0 100   0   4   1   2   2   1   0]
 [  1  11   0  94   0   3   1   5   1   0]
 [  3  20   8   0  66   1  11   2   1   5]
 [  2   0   0   1   0 100   0   5   0   0]
 [  3  20  12   8   2   1  68   3   0   0]
 [  1   3   2  10   0   6   1  86   0   0]
 [ 12   1   5   4   2   2   1   2  84   2]
 [  2   0   0   0   7   0   2   2   1  93]]
Accuracy:  0.78125
===================================================================


SVM
===================================================================
Confusion Matrix: 
[[ 96   0   0   8   0   1   0   4   1   0]
 [  3  88   0   2   3   0  12   0   0   0]
 [  4   1  91   0   9   0   5   0   3   0]
 [  6   9   0  85   1   4   7   3   0   1]
 [  2  19  11   0  81   0   1   0   3   0]
 [  4   0   0   0   0 100   0   3   1   0]
 [  2  18  21   6   6   0  57   0   0   7]
 [  2   3   0  11   0  10  11  72   0   0]
 [ 11   0   1   5   1   1   1   3  89   3]
 [  0   3   3   0  12   0   0   3   0  86]]
Accuracy:  0.754464285714
===================================================================
+++++++++++++++++++++++++++++++++++++++++++++++++++++++++++++++
+++++++++++++++++++++++++++++++++++++++++++++++++++++++++++++++
features/glcm_2_train.txt


MLP
===================================================================
Confusion Matrix: 
[[110   0   2   1   1   1   0   1  13   0]
 [  4  92   1   2   7   0   9   1   0   0]
 [  5   1  86   0   9   0   9   1   0   0]
 [  0  11   0  86   0   0   2  16   0   0]
 [  2  16   5   0  84   0   2   0   6   2]
 [  2   0   0   1   0  92   0   5   5   0]
 [  0   7  10   9   1   0  78   0   0   0]
 [  0   1   0   8   0   3   9  89   1   0]
 [  7   0   1   3   1   3   0   3  85   0]
 [  0   0   3   1   6   0   2   4   2  90]]
Accuracy:  0.796428571429
===================================================================


KNN
===================================================================
k =  1
Confusion Matrix: 
[[106   6   4   1   1   3   0   1   6   1]
 [  2 102   1   2   4   0   4   1   0   0]
 [  1   0  98   0   4   0   6   0   2   0]
 [  1   8   0  87   1   0   5  13   0   0]
 [  3  12   6   0  80   0   8   2   3   3]
 [  0   0   0   4   0  93   0   6   2   0]
 [  0  11   9   7   1   0  76   1   0   0]
 [  1   1   0   8   0   3   6  92   0   0]
 [  7   0   0   3   1   0   0   0  92   0]
 [  1   1   2   1   2   0   4   0   4  93]]
Accuracy:  0.820535714286
k =  3
Confusion Matrix: 
[[108   3   6   2   0   0   1   2   7   0]
 [  5 103   1   1   2   0   4   0   0   0]
 [  3   0  99   0   2   0   6   0   1   0]
 [  2  11   0  88   0   0   2  11   1   0]
 [  7  15   6   0  71   0  11   2   3   2]
 [  2   0   0   2   0  93   0   7   1   0]
 [  1  16   9   7   2   0  68   2   0   0]
 [  1   2   0  10   0   1   5  92   0   0]
 [ 10   0   2   5   1   0   0   0  85   0]
 [  3   0   2   0   3   0   6   0   4  90]]
Accuracy:  0.800892857143
k =  5
Confusion Matrix: 
[[ 99   3   6   3   1   0   1   3  13   0]
 [  3 102   1   4   1   0   5   0   0   0]
 [  4   0  97   0   4   0   5   0   1   0]
 [  2  15   0  86   0   0   3   9   0   0]
 [  7  16   9   0  73   0   6   2   2   2]
 [  3   0   0   1   1  92   0   7   1   0]
 [  1  20  10   7   3   0  63   1   0   0]
 [  0   2   0  11   0   1   6  91   0   0]
 [ 13   2   1   3   1   1   0   2  80   0]
 [  0   0   2   1   3   0   7   1   5  89]]
Accuracy:  0.778571428571
===================================================================


SVM
===================================================================
Confusion Matrix: 
[[123   0   1   1   0   1   0   1   2   0]
 [  0 108   0   0   1   0   7   0   0   0]
 [  2   3  95   0   2   0   9   0   0   0]
 [  1   9   0  95   0   0   6   4   0   0]
 [  1   9   8   0  97   0   0   0   2   0]
 [  3   0   0   3   0  93   0   5   1   0]
 [  0   8  13   5   0   0  77   0   0   2]
 [  1   2   1   4   0   9  13  81   0   0]
 [  3   0   1   1   0   0   0   0  98   0]
 [  0   2   0   1   3   0   5   4   0  93]]
Accuracy:  0.857142857143
===================================================================
+++++++++++++++++++++++++++++++++++++++++++++++++++++++++++++++
+++++++++++++++++++++++++++++++++++++++++++++++++++++++++++++++
features/glcm_3_train.txt


MLP
===================================================================
Confusion Matrix: 
[[124   0   1   1   1   0   0   0   2   0]
 [  0  97   2   1   1   0   5   0   0   0]
 [  9   4  84   0   7   0   8   0   0   1]
 [  2   9   0  84   0   0   3   1   0   1]
 [  1  10   3   0  77   0   1   0   5   3]
 [  5   0   0   3   0  92   0   8   1   0]
 [  1  11  15   3   0   0  84   0   0   5]
 [  1   1   0  11   0   5   2  94   1   0]
 [  3   0   0   1   5   5   0   1  97   0]
 [  1   0   2   1   1   1   4   2   0 105]]
Accuracy:  0.8375
===================================================================


KNN
===================================================================
k =  1
Confusion Matrix: 
[[111   5   1   0   1   1   0   1   7   2]
 [  2  98   1   4   1   0   0   0   0   0]
 [  1   0  95   0   4   0  10   1   1   1]
 [  2   7   0  82   0   2   2   4   1   0]
 [  2  10   5   1  74   0   3   2   2   1]
 [  2   0   0   4   0  94   0   9   0   0]
 [  3   9   8   7   1   0  88   1   0   2]
 [  0   0   0   5   0   7   3  99   1   0]
 [  0   0   1   0   2   1   1   3 103   1]
 [  1   0   1   2   4   0   1   2   1 105]]
Accuracy:  0.847321428571
k =  3
Confusion Matrix: 
[[113   3   3   1   0   1   0   2   5   1]
 [  2 101   1   2   0   0   0   0   0   0]
 [  2   0  98   0   3   0   8   1   0   1]
 [  4   7   0  81   0   2   0   4   2   0]
 [  5  12   5   0  67   0   5   2   2   2]
 [  3   0   0   4   0  95   0   6   1   0]
 [  5   9   8   9   1   0  87   0   0   0]
 [  3   1   0  12   0   5   0  94   0   0]
 [  4   0   1   1   2   2   1   4  96   1]
 [  3   0   2   4   4   0   1   3   2  98]]
Accuracy:  0.830357142857
k =  5
Confusion Matrix: 
[[106   7   2   2   1   1   1   2   7   0]
 [  3  99   0   2   0   0   2   0   0   0]
 [  4   0  94   0   6   0   7   1   0   1]
 [  3   7   0  84   0   3   0   3   0   0]
 [  4  13   4   1  67   0   6   2   3   0]
 [  4   0   0   3   0  96   0   6   0   0]
 [  5  13   7  10   0   0  83   1   0   0]
 [  0   2   0  15   0   5   2  91   0   0]
 [  4   0   2   1   3   2   1   6  92   1]
 [  2   0   1   3   6   2   1   4   3  95]]
Accuracy:  0.809821428571
===================================================================


SVM
===================================================================
Confusion Matrix: 
[[126   0   0   0   0   0   0   3   0   0]
 [  0 104   0   0   1   0   1   0   0   0]
 [  0   6 100   2   1   0   3   0   1   0]
 [  2   1   0  93   0   2   2   0   0   0]
 [  0   0   3   0  97   0   0   0   0   0]
 [  2   0   0   2   0  99   0   6   0   0]
 [  0   5   6   0   0   0 106   0   0   2]
 [  1   0   0  10   0   5   0  98   0   1]
 [  3   0   0   0   0   0   0   0 109   0]
 [  0   0   1   1   0   0   1   4   0 110]]
Accuracy:  0.930357142857
===================================================================
+++++++++++++++++++++++++++++++++++++++++++++++++++++++++++++++
+++++++++++++++++++++++++++++++++++++++++++++++++++++++++++++++
features/glcm_4_train.txt


MLP
===================================================================
Confusion Matrix: 
[[109   0   0   3   0   0   0   2   1   0]
 [  0 106   1   3   1   0   0   0   0   0]
 [  0   0  91   0   9   0   8   0   0   1]
 [  1   7   0 105   0   0   3   0   0   1]
 [  1   3   2   0  96   0   2   0   0   0]
 [  0   0   1   2   1 110   0   0   0   0]
 [  0   2   8   1   1   0  97   0   0   2]
 [  0   0   0   2   0   7   1 100   0   2]
 [  1   0   1   1   6   0   0   0 103   0]
 [  0   0   2   1   1   0   1   0   0 110]]
Accuracy:  0.916964285714
===================================================================


KNN
===================================================================
k =  1
Confusion Matrix: 
[[101   1   3   5   0   0   0   2   3   0]
 [  0 109   0   1   0   0   0   0   1   0]
 [  0   0 101   0   2   1   4   1   0   0]
 [  2   3   0  99   0   5   0   6   1   1]
 [  4  13   5   1  76   0   3   1   1   0]
 [  2   0   0   1   1  99   0   8   3   0]
 [  2   8   6   5   0   0  88   2   0   0]
 [  0   0   0   4   0   4   1 103   0   0]
 [  3   0   4   2   3   1   1   1  97   0]
 [  0   0   0   1   1   0   1   0   0 112]]
Accuracy:  0.879464285714
k =  3
Confusion Matrix: 
[[ 96   2   2   7   0   1   0   4   3   0]
 [  1 108   0   2   0   0   0   0   0   0]
 [  1   0 102   0   2   0   4   0   0   0]
 [  2   8   0  96   0   1   0   9   1   0]
 [  6  15   5   2  70   0   5   0   1   0]
 [  0   0   2   2   0 102   0   8   0   0]
 [  2  13   5   4   1   0  85   1   0   0]
 [  0   2   0   5   0   3   0 102   0   0]
 [  4   0   4   4   2   0   1   1  96   0]
 [  0   1   2   2   3   0   2   0   0 105]]
Accuracy:  0.858928571429
k =  5
Confusion Matrix: 
[[ 99   0   1   8   0   0   0   5   2   0]
 [  4 106   0   1   0   0   0   0   0   0]
 [  1   0 102   0   1   0   4   0   0   1]
 [  2  12   0  92   0   1   0  10   0   0]
 [  7  15   6   1  67   0   7   0   1   0]
 [  2   0   3   2   0  97   0   8   2   0]
 [  3  13  11   5   2   0  77   0   0   0]
 [  0   3   0   5   0   4   1  99   0   0]
 [  7   0   6   3   3   2   1   2  88   0]
 [  3   1   2   2   3   0   3   0   0 101]]
Accuracy:  0.828571428571
===================================================================


SVM
===================================================================
Confusion Matrix: 
[[110   0   0   0   0   0   0   5   0   0]
 [  0 108   0   3   0   0   0   0   0   0]
 [  0   1 105   0   2   0   1   0   0   0]
 [  1   6   0 107   0   1   1   1   0   0]
 [  0   0   1   0 101   0   2   0   0   0]
 [  0   0   2   2   0 109   0   1   0   0]
 [  0   4   1   0   0   0 106   0   0   0]
 [  0   0   0   1   0   3   0 108   0   0]
 [  1   0   0   0   1   0   0   0 110   0]
 [  0   0   1   1   0   0   3   0   0 110]]
Accuracy:  0.958928571429
===================================================================
+++++++++++++++++++++++++++++++++++++++++++++++++++++++++++++++
+++++++++++++++++++++++++++++++++++++++++++++++++++++++++++++++
features/glcm_5_train.txt


MLP
===================================================================
Confusion Matrix: 
[[ 98   0   0   0   0   0   0   0   2   0]
 [  0 106   1   2   0   0   2   0   0   0]
 [  2   1  90   1   8   0   2   0   1   0]
 [  5   7   0 108   0   0   3   0   0   0]
 [  3   3   1   0 105   0   1   0   0   0]
 [  2   0   1   3   0  98   0   1   0   0]
 [  0   2   6   2   0   0  87   0   0   0]
 [  1   0   0   3   0   7   1 109   0   0]
 [  0   0   1   4   4   1   0   0 113   0]
 [  2   0   0   1   0   0   1   1   0 117]]
Accuracy:  0.920535714286
===================================================================


KNN
===================================================================
k =  1
Confusion Matrix: 
[[ 83   1   2   5   2   0   1   3   3   0]
 [  0 103   0   5   2   0   0   0   1   0]
 [  1   0  97   0   0   1   6   0   0   0]
 [  0   4   0 113   0   1   1   3   1   0]
 [  5   7   8   1  84   0   4   0   2   2]
 [  1   0   2   2   0  97   0   2   1   0]
 [  2   2   5   5   2   0  80   1   0   0]
 [  1   1   0   6   0   4   1 108   0   0]
 [  1   0   1   3   2   1   0   0 115   0]
 [  1   1   1   1   1   0   1   0   0 116]]
Accuracy:  0.889285714286
k =  3
Confusion Matrix: 
[[ 90   3   0   1   1   0   0   2   3   0]
 [  1 107   0   3   0   0   0   0   0   0]
 [  2   0  96   0   0   1   5   0   1   0]
 [  4   6   0 107   0   1   2   2   1   0]
 [  9  15   8   1  68   0   6   0   3   3]
 [  1   0   3   3   0  92   0   6   0   0]
 [  2   5   9   7   2   0  72   0   0   0]
 [  0   8   0   4   0   6   0 103   0   0]
 [  4   0   1   6   0   1   0   0 111   0]
 [  4   1   2   1   1   0   0   1   2 110]]
Accuracy:  0.853571428571
k =  5
Confusion Matrix: 
[[ 86   2   1   2   2   0   0   2   4   1]
 [  1 106   1   3   0   0   0   0   0   0]
 [  2   1  96   0   0   0   5   0   1   0]
 [  4   9   0 106   0   1   1   2   0   0]
 [  8  18   9   1  64   0   9   0   2   2]
 [  3   1   1   3   0  91   0   6   0   0]
 [  3   4   8   7   4   0  71   0   0   0]
 [  0   8   0   9   0   6   1  97   0   0]
 [  5   1   3   5   0   1   2   1 105   0]
 [  4   2   2   0   1   0   1   2   2 108]]
Accuracy:  0.830357142857
===================================================================


SVM
===================================================================
Confusion Matrix: 
[[100   0   0   0   0   0   0   0   0   0]
 [  0 108   0   0   0   0   3   0   0   0]
 [  0   0 105   0   0   0   0   0   0   0]
 [  0   2   0 117   0   0   3   1   0   0]
 [  0   3   3   0 107   0   0   0   0   0]
 [  2   0   1   2   0 100   0   0   0   0]
 [  0   0   0   0   0   0  97   0   0   0]
 [  0   1   0   2   0   2   0 116   0   0]
 [  1   0   1   1   0   0   0   0 120   0]
 [  0   0   0   0   0   0   0   0   0 122]]
Accuracy:  0.975
===================================================================
+++++++++++++++++++++++++++++++++++++++++++++++++++++++++++++++
